`.Random.seed` <-
c(403L, 581L, -1450331573L, 1849059833L, -719716808L, -218385342L, 
-717116233L, -917076500L, 668219354L, -954158416L, -2105654487L, 
1556231359L, 1231804666L, 730634150L, 1460180061L, -1084705125L, 
219328540L, 606339003L, -1148262285L, -1253763560L, -2133531536L, 
-1235072023L, -1546886733L, -1349315659L, 234987339L, -508415236L, 
-2114836767L, -655080453L, 978299196L, 1251468640L, 2037141725L, 
-1315408996L, 2088307737L, 1784421469L, -662090662L, 766807133L, 
1127657039L, 1197025503L, -255030526L, -1844708436L, -822138266L, 
1223376977L, -1958779698L, -66462524L, -408963941L, 1440436472L, 
2146576185L, -375974815L, 1446158827L, -1712915033L, -1343820177L, 
51327467L, 213854023L, -1456691102L, -1095204442L, 586110216L, 
-1884098825L, -1590935753L, -1395836912L, -1806016911L, -824177984L, 
820782409L, 543796266L, 640304919L, 2123722963L, -548883740L, 
1165434851L, -2138444204L, 1185271679L, 1713114700L, -1792548456L, 
-805691950L, 308097604L, 1497404738L, 1383052483L, 768411363L, 
-2046814278L, -1251363532L, -1843727972L, -1150747467L, 1009788647L, 
1228003517L, 1857836911L, 724724813L, 2119322954L, -792418745L, 
799200003L, 1551465250L, -79319575L, -1937163274L, 480636872L, 
-1356391353L, -1015680745L, 1701445602L, 614600846L, 1469126591L, 
938515711L, 487123023L, -1070009735L, -2062963229L, -1935966767L, 
478286489L, -192809170L, 1432734089L, -1637759805L, -1178899357L, 
700179053L, 1978057897L, -1739671318L, 1226159533L, -441035212L, 
-912133069L, -1978774960L, -1519686397L, -2042351712L, 1530495643L, 
1268370159L, -1208786335L, 1273252010L, -912965333L, 2058058209L, 
-1160816288L, -654452171L, -175164341L, -766242726L, -646315929L, 
-902737012L, 1674037081L, 1515258084L, -950326102L, 1602668817L, 
-208758868L, -360448135L, 1840314167L, -1598625893L, -1364555041L, 
-512568728L, 26331777L, -160755078L, 1678266632L, 781076658L, 
-1435641861L, 735283992L, -485745753L, -2028105560L, -1905654053L, 
-837272116L, 759332124L, -399359333L, -1980633177L, -1705552337L, 
-1048811076L, 226312350L, 485113305L, 1126762476L, 1643733825L, 
2127170403L, 1826989118L, -10989792L, -735702884L, 1290024359L, 
-1301588340L, -1836959709L, 360897018L, 603635808L, -77209743L, 
-1821691106L, -412419969L, 1677050125L, -1368890351L, 1291964295L, 
596723131L, 2106889499L, -399178545L, 510586725L, -1009496586L, 
1815312962L, -123467024L, -45604385L, 225213182L, 332996684L, 
-926352938L, -275857172L, 342620977L, -2073022617L, -358407726L, 
-1281357047L, 115943420L, 617771488L, 1377715700L, 1997804269L, 
2011049937L, -1558679361L, -1051534564L, -1714351942L, -1568517425L, 
-1217935981L, 1220127860L, 2031845163L, -295972541L, -1300350855L, 
-852812308L, 643118061L, -1392374699L, -1097746738L, -1698370215L, 
-908274490L, -528527104L, -1729238181L, -2098975298L, -1779902726L, 
1008436695L, 782936222L, -16356227L, -703868544L, 671490362L, 
2102532618L, 2016502136L, -1573098438L, 1654415916L, 593008422L, 
1030948191L, 534021887L, 14968581L, 1940086552L, 1593766973L, 
-1772471795L, 212668816L, 1299431107L, 2090861435L, -1450148056L, 
-1344554759L, 85006180L, 1004567223L, 675853156L, 450800381L, 
1556710107L, -1729590410L, -873011903L, 833783664L, -1514084617L, 
-633992497L, 363347893L, 1666096017L, -1669422306L, 412063563L, 
-1441449359L, -856968404L, -1809377337L, 568927083L, -838104577L, 
1947166883L, 1159405473L, 1394624694L, -832457030L, 1724393432L, 
-1305147546L, -1122807378L, -688316307L, 547429791L, 1109910186L, 
-1916626684L, 1217027045L, -523906421L, -1239197154L, 1814678675L, 
-31094779L, 210670734L, -282876333L, -441269112L, 1980999427L, 
-1179435012L, -125748060L, 1411774839L, -1856854875L, 888964331L, 
-1101078449L, 951745365L, -762397731L, -1234199794L, -1225185080L, 
1058045667L, 1631852124L, 2079051627L, 941020498L, -358273524L, 
2098689324L, 479302114L, -1650352766L, -1034639502L, -83611315L, 
1183396321L, -2070109945L, -2047449784L, 1171417270L, 1133298103L, 
-1481550331L, 598439706L, 1874924692L, 843163988L, 793241656L, 
533429342L, -2001015428L, 1162102018L, 1802810761L, -1800257449L, 
-980756856L, -442957989L, -1085585764L, 125797566L, -325812990L, 
-1444609404L, -3049103L, 535741334L, 1970380498L, 1957604877L, 
1711616496L, -804850118L, 1098154326L, 1138798328L, 2092806586L, 
1886102557L, 261638477L, 1120582410L, -55409745L, 2122190465L, 
2138537573L, -540354686L, 891517717L, 2068956760L, 1862535922L, 
1315719529L, 1999148329L, 775027710L, -1383510163L, 338018918L, 
508975558L, 236872205L, -623368772L, -1693221875L, 1781175046L, 
-1753533000L, 185328676L, -487310450L, -498298979L, 224005738L, 
1398569202L, -2118683697L, -715867938L, 1011221125L, 29549590L, 
-1316675929L, -1884018072L, -1902013449L, -1056316108L, 132381261L, 
-1426234987L, 727670557L, -218605747L, -82125449L, -1204717699L, 
-1821721114L, -1976470039L, -1629401748L, -96726942L, -1456036068L, 
-489971654L, 1568324347L, 1209991589L, -66788532L, 1700726994L, 
-449470596L, 1538093395L, 1479246536L, -2075407385L, 1020185017L, 
741093504L, -2109877081L, 1123017790L, 1793562813L, -757936567L, 
-440872319L, 557484371L, -1924975183L, 673795596L, 1480359275L, 
2036924683L, 672666417L, 1618622895L, 1458530909L, 152424473L, 
-1686458222L, 1180810556L, 622313148L, -305482442L, -1964850089L, 
2238382L, -1564680057L, 1805430244L, 21572188L, 2044144722L, 
-1952157463L, -328055987L, -405524989L, 681329549L, 1000140721L, 
-748555160L, 838410393L, -1260391390L, -1939954509L, -108742675L, 
1949664689L, 1228567124L, 1170573396L, 203476009L, -1899794178L, 
-454884924L, -1724990434L, -1308278224L, 1134933781L, -1564280495L, 
-510115742L, -830545090L, -1989266139L, 1383285618L, -1378975552L, 
-421013156L, -1195034614L, 408971949L, 1069548414L, -19076175L, 
690866456L, -1999199023L, -1057049906L, 1461434395L, 492462424L, 
688603926L, -935768632L, -1463047127L, 935925757L, 470430956L, 
1648253094L, 1153164120L, -1138752108L, 1506011017L, -861120262L, 
901518751L, 146134016L, 114344312L, -389114212L, -995919809L, 
-805395424L, 1507449141L, 1775259018L, 419230230L, 1390691769L, 
-1524363017L, -1913241039L, -1970274579L, 8248832L, 2028808314L, 
-761382011L, 544448464L, -1538325583L, 800616692L, -1355162957L, 
-1863488689L, -1022108934L, 174334047L, -242428563L, 958680425L, 
-1296424095L, -897541935L, -589697634L, -841205870L, -1783822138L, 
1648380359L, 537514370L, -1525080915L, 360326672L, -132312203L, 
1101387304L, 1466624294L, 2041319849L, 45617611L, 1908260188L, 
-1940422116L, -1709748875L, 838070771L, -1281738587L, 179943642L, 
-350195577L, -1143417151L, 1451163500L, 1114132372L, -507267187L, 
1931729239L, 472988972L, -305989476L, 110225107L, -98271399L, 
-1225664605L, 1820793452L, -589898805L, -1200315573L, 56974483L, 
-1889999269L, 43778625L, 2092484097L, 1761441494L, -1411832729L, 
-1844390983L, -1674379822L, 1089133820L, 128745155L, 238866770L, 
769361731L, 856469090L, 933906887L, -64087908L, 830526286L, -1678227450L, 
-1024116896L, 138357182L, -420846770L, -1053784225L, 1508659976L, 
-107596267L, -1901440375L, -1018752803L, -2059894743L, 1673416302L, 
-739624785L, -1230188661L, -1763045958L, 1130468087L, -1287340207L, 
1161848049L, -1271994581L, -856411611L, 2061936312L, -1522742991L, 
-1343991864L, -2102366566L, -1448465094L, 1689048943L, -765801524L, 
1652264487L, -2048733845L, -2087730372L, 1305336864L, 1281502923L, 
1481508896L, 1046857476L, -4728278L, -1525921703L, 1334600614L, 
-1807234992L, -1699066515L, -1039603978L, 1234853896L, 271318238L, 
-372984290L, 1575686506L, -1225949813L, 1492291080L, -175068386L, 
-1499004826L, -1301526808L, 391734866L, 277572541L, -1851974930L, 
-1891481960L, 887028880L, -1213846514L, 1642461775L, -740410226L, 
1327934355L, 286345137L, 145698767L, 1574732453L, -112101903L, 
-969154945L, 1548801703L, -1677163305L, 1877518627L, -1485327450L, 
501161287L, -1426533778L, -91919231L, -594678255L, -1957160667L, 
-1637463418L, 776416238L, 1093494313L, 1069996381L, -1407149185L, 
-136569757L, -1702533952L, -2034094791L, 664029423L, -1374282845L, 
